           832.00000           447.00000           743.00000           552.00000
           810.00000           382.00000           691.00000           489.00000
           791.00000           395.00000           680.00000           505.00000
           935.00000           519.00000           864.00000           609.00000
           906.00000           509.00000           838.00000           605.00000
           338.00000           593.00000           254.00000           801.00000
           861.00000           442.00000           768.00000           542.00000
           812.00000           774.00000           771.00000           897.00000
           783.00000           387.00000           670.00000           498.00000
           848.00000           725.00000           804.00000           841.00000
           673.00000           720.00000           649.00000           872.00000
           878.00000           513.00000           815.00000           614.00000
           418.00000           703.00000           401.00000           910.00000
           577.00000           846.00000           574.00000          1027.00000
           939.00000           598.00000           852.00000           701.00000
           653.00000           716.00000           630.00000           879.00000
           871.00000           503.00000           806.00000           603.00000
           914.00000           566.00000           849.00000           662.00000
           683.00000           689.00000           664.00000           838.00000
           679.00000           646.00000           659.00000           792.00000
           821.00000           431.00000           725.00000           538.00000
           801.00000           633.00000           765.00000           751.00000
           536.00000           852.00000           545.00000          1050.00000
           551.00000           626.00000           555.00000           802.00000
           845.00000           463.00000           763.00000           567.00000
           632.00000           772.00000           633.00000           940.00000
           767.00000           598.00000           731.00000           722.00000
           881.00000           655.00000           809.00000           767.00000
           451.00000           799.00000           463.00000          1007.00000
           719.00000           706.00000           696.00000           848.00000
           604.00000           813.00000           596.00000           987.00000
           817.00000           391.00000           702.00000           497.00000
           925.00000           532.00000           858.00000           623.00000
           346.00000           541.00000           279.00000           749.00000
           663.00000           649.00000           648.00000           799.00000
           607.00000           791.00000           604.00000           964.00000
           533.00000           762.00000           526.00000           972.00000
           582.00000           805.00000           581.00000           983.00000
           779.00000           636.00000           746.00000           761.00000
           813.00000           645.00000           772.00000           763.00000
           582.00000           863.00000           572.00000          1050.00000
           116.00000           791.00000            44.00000          1081.00000
           802.00000           700.00000           769.00000           822.00000
           918.00000           651.00000           847.00000           743.00000
           848.00000           427.00000           748.00000           530.00000
           103.00000           791.00000            33.00000          1083.00000
           403.00000           704.00000           384.00000           917.00000
           872.00000           458.00000           786.00000           557.00000
           330.00000           607.00000           243.00000           822.00000
           368.00000           623.00000           316.00000           833.00000
           649.00000           488.00000           595.00000           632.00000
           518.00000           788.00000           530.00000           981.00000
           661.00000           745.00000           651.00000           903.00000
           534.00000           703.00000           542.00000           887.00000
           597.00000           664.00000           594.00000           831.00000
           771.00000           677.00000           740.00000           804.00000
           594.00000           676.00000           592.00000           843.00000
           938.00000           499.00000           864.00000           587.00000
           433.00000           535.00000           392.00000           724.00000
           454.00000           611.00000           438.00000           810.00000
           511.00000           568.00000           490.00000           744.00000
           927.00000           480.00000           846.00000           570.00000
           753.00000           791.00000           717.00000           927.00000
           416.00000           675.00000           407.00000           884.00000
           834.00000           642.00000           789.00000           756.00000
           352.00000           515.00000           276.00000           719.00000
           606.00000           772.00000           607.00000           944.00000
           842.00000           375.00000           719.00000           476.00000
           846.00000           388.00000           725.00000           488.00000
           408.00000           739.00000           381.00000           951.00000
           900.00000           496.00000           827.00000           592.00000
           819.00000           371.00000           692.00000           476.00000
           575.00000           820.00000           567.00000          1008.00000
           939.00000           577.00000           863.00000           664.00000
           712.00000           486.00000           656.00000           619.00000
           454.00000           774.00000           463.00000           980.00000
           533.00000           928.00000           546.00000          1127.00000
           852.00000           763.00000           804.00000           880.00000
           808.00000           839.00000           761.00000           965.00000
           256.00000           494.00000            53.00000           695.00000
           882.00000           574.00000           824.00000           677.00000
           850.00000           704.00000           809.00000           820.00000
           676.00000           659.00000           658.00000           807.00000
           883.00000           718.00000           831.00000           826.00000
           469.00000           668.00000           475.00000           865.00000
           808.00000           342.00000           688.00000           431.00000
           363.00000           638.00000           312.00000           850.00000
           103.00000          1003.00000           127.00000          1328.00000
           619.00000           805.00000           611.00000           977.00000
           680.00000           766.00000           665.00000           917.00000
           425.00000           567.00000           381.00000           762.00000
           859.00000           404.00000           744.00000           500.00000
           894.00000           657.00000           840.00000           759.00000
           711.00000           824.00000           683.00000           973.00000
           551.00000           700.00000           556.00000           880.00000
           775.00000           648.00000           742.00000           773.00000
           728.00000           725.00000           700.00000           862.00000
           607.00000           747.00000           595.00000           915.00000
           349.00000           696.00000           251.00000           887.00000
           905.00000           540.00000           842.00000           637.00000
           852.00000          1496.00000           949.00000          1638.00000
           762.00000           662.00000           728.00000           792.00000
           690.00000           628.00000           668.00000           771.00000
           423.00000           507.00000           377.00000           695.00000
           837.00000           670.00000           793.00000           776.00000
           915.00000           464.00000           828.00000           556.00000
           492.00000           819.00000           511.00000          1005.00000
           384.00000          1053.00000           423.00000          1295.00000
           519.00000           316.00000           325.00000           473.00000
           910.00000           702.00000           846.00000           815.00000
           563.00000           754.00000           574.00000           932.00000
           796.00000           669.00000           757.00000           792.00000
           427.00000           655.00000           415.00000           854.00000
           318.00000           803.00000           221.00000          1038.00000
           898.00000           632.00000           824.00000           735.00000
           503.00000           761.00000           511.00000           956.00000
           870.00000           404.00000           758.00000           502.00000
           869.00000           597.00000           815.00000           701.00000
           526.00000           665.00000           535.00000           846.00000
           560.00000           844.00000           561.00000          1039.00000
           615.00000           830.00000           604.00000          1002.00000
           472.00000           695.00000           488.00000           890.00000
           447.00000           702.00000           445.00000           902.00000
           703.00000           593.00000           678.00000           732.00000
           794.00000           830.00000           744.00000           975.00000
           343.00000           725.00000           228.00000           958.00000
           759.00000           578.00000           723.00000           705.00000
           910.00000           602.00000           845.00000           700.00000
           483.00000           845.00000           484.00000          1051.00000
           378.00000           519.00000           313.00000           720.00000
           462.00000           841.00000           458.00000          1049.00000
           749.00000           699.00000           716.00000           840.00000
           638.00000           639.00000           629.00000           793.00000
           631.00000           715.00000           607.00000           886.00000
           580.00000           648.00000           578.00000           818.00000
           349.00000           555.00000           275.00000           760.00000
           526.00000           736.00000           533.00000           926.00000
           800.00000           739.00000           770.00000           860.00000
           751.00000           618.00000           719.00000           747.00000
           691.00000           748.00000           683.00000           890.00000
           399.00000           461.00000           337.00000           652.00000
           383.00000          1146.00000           471.00000          1414.00000
           876.00000           548.00000           820.00000           651.00000
           818.00000           563.00000           773.00000           678.00000
           816.00000           680.00000           787.00000           804.00000
           448.00000           639.00000           439.00000           836.00000
           812.00000           609.00000           771.00000           725.00000
           393.00000           551.00000           343.00000           751.00000
           404.00000           481.00000           343.00000           672.00000
           555.00000           807.00000           562.00000           993.00000
           646.00000           605.00000           635.00000           757.00000
           347.00000           756.00000           237.00000           969.00000
           543.00000           552.00000           522.00000           726.00000
           422.00000          1191.00000           480.00000          1432.00000
           112.00000           896.00000            39.00000          1189.00000
           621.00000           671.00000           615.00000           832.00000
           232.00000           736.00000           111.00000           951.00000
           592.00000           645.00000           590.00000           811.00000
           493.00000           800.00000           506.00000           996.00000
           590.00000           618.00000           589.00000           782.00000
           498.00000           624.00000           509.00000           808.00000
           495.00000           558.00000           479.00000           736.00000
           753.00000           776.00000           704.00000           914.00000
           378.00000           572.00000           330.00000           780.00000
           527.00000           602.00000           537.00000           770.00000
           474.00000           595.00000           477.00000           776.00000
           825.00000           587.00000           780.00000           699.00000
           587.00000           816.00000           584.00000           994.00000
           667.00000           661.00000           650.00000           811.00000
           411.00000           624.00000           361.00000           833.00000
           475.00000           709.00000           489.00000           907.00000
           917.00000           477.00000           831.00000           568.00000
           711.00000           651.00000           685.00000           793.00000
           458.00000           762.00000           474.00000           966.00000
           824.00000           459.00000           742.00000           569.00000
           787.00000           779.00000           751.00000           915.00000
           451.00000           833.00000           453.00000          1048.00000
           805.00000           519.00000           744.00000           648.00000
           954.00000           896.00000           912.00000          1012.00000
           991.00000           615.00000           896.00000           695.00000
           699.00000           763.00000           683.00000           907.00000
           451.00000           712.00000           461.00000           915.00000
           444.00000           760.00000           452.00000           968.00000
           474.00000           600.00000           466.00000           790.00000
           684.00000           484.00000           623.00000           620.00000
           144.00000          1016.00000           182.00000          1326.00000
           765.00000           731.00000           735.00000           861.00000
           642.00000           655.00000           639.00000           819.00000
           710.00000           737.00000           683.00000           879.00000
           446.00000           685.00000           455.00000           888.00000
           408.00000          1293.00000           528.00000          1543.00000
           702.00000           625.00000           678.00000           765.00000
           679.00000           736.00000           662.00000           886.00000
           783.00000           714.00000           751.00000           842.00000
           541.00000           654.00000           552.00000           828.00000
           432.00000           831.00000           423.00000          1045.00000
           495.00000          1214.00000           592.00000          1423.00000
           327.00000           648.00000           235.00000           862.00000
           128.00000           894.00000            68.00000          1179.00000
           109.00000           791.00000            38.00000          1082.00000
           489.00000          1064.00000           574.00000          1288.00000
           767.00000           808.00000           736.00000           945.00000
           399.00000           849.00000           393.00000          1079.00000
           558.00000           949.00000           582.00000          1123.00000
           464.00000           494.00000           416.00000           680.00000
           842.00000           485.00000           759.00000           583.00000
           516.00000           859.00000           527.00000          1063.00000
           509.00000           535.00000           487.00000           718.00000
           585.00000           648.00000           584.00000           815.00000
           816.00000           656.00000           772.00000           774.00000
           319.00000           760.00000           220.00000           979.00000
           830.00000           375.00000           706.00000           477.00000
           585.00000           836.00000           580.00000          1013.00000
           478.00000           791.00000           482.00000           999.00000
           543.00000           821.00000           552.00000          1011.00000
           280.00000           760.00000           184.00000           982.00000
           920.00000           675.00000           858.00000           764.00000
           750.00000           743.00000           718.00000           878.00000
           712.00000           640.00000           687.00000           781.00000
           706.00000           840.00000           677.00000           992.00000
           692.00000           712.00000           668.00000           857.00000
           167.00000           862.00000            99.00000          1143.00000
           807.00000           437.00000           707.00000           543.00000
           719.00000           564.00000           691.00000           693.00000
           424.00000           800.00000           399.00000          1007.00000
           655.00000           775.00000           644.00000           927.00000
           200.00000           630.00000            23.00000           865.00000
           633.00000           742.00000           618.00000           899.00000
           535.00000           658.00000           547.00000           832.00000
           910.00000           674.00000           848.00000           772.00000
           784.00000           772.00000           750.00000           905.00000
           482.00000           503.00000           448.00000           695.00000
           239.00000           924.00000           232.00000          1198.00000
           368.00000           592.00000           316.00000           802.00000
           864.00000           672.00000           803.00000           792.00000
           231.00000           894.00000           181.00000          1151.00000
           539.00000           771.00000           551.00000           957.00000
           517.00000           845.00000           523.00000          1039.00000
           663.00000           759.00000           650.00000           916.00000
